
7.262969588550984
8.294952681388013
7.909407665505227
7.933656957928803
7.683501683501683
7.729591836734694
7.9031746031746035
7.85502471169687
8.122549019607844
7.784511784511785
8.064356435643564
7.685
8.170454545454545
7.885615251299827
7.759933774834437
7.563758389261745
7.855284552845529
7.967959527824621
7.960848287112561
8.125
7.6
7.7631578947368425
7.7574171029668415
7.675986842105263
7.642487046632124
7.8705501618122975
7.648648648648648
7.882154882154882
7.61443661971831
7.758389261744966
7.719327731092437
7.62962962962963
7.5785837651122625
7.508680555555555
7.912
7.429541595925297
7.720516962843296
7.593442622950819
7.476430976430977
7.3980263157894735
7.455631399317406
7.232876712328767
7.4787775891341255
7.592
7.534453781512605
7.473509933774834
6.9709897610921505
7.290155440414508
7.799011532125206
7.495711835334477
7.313356164383562
7.191709844559585
7.192242833052276
7.241852487135506
7.430795847750865
7.4372937293729375
7.690208667736758
7.3881578947368425
7.237458193979933
7.361386138613861
7.6916932907348246
7.332214765100671
6.969594594594595
7.283849918433932
6.622302158273381
7.492436974789916
7.670926517571885
6.774696707105719
7.063380281690141
7.1323763955342905
6.931818181818182
7.065789473684211
7.3156146179401995
7.351822503961965
7.253859348198971
6.614478114478114
7.153465346534653
6.96925566343042
7.520833333333333
7.3203252032520325
7.214765100671141
7.150337837837838
6.779359430604982
7.024960998439938
6.998381877022654
7.155143338954469
7.074433656957929
6.624356775300171
7.176759410801964
7.2896
6.368509212730318
6.945812807881773
6.931438127090301
6.853781512605042
7.1526479750778815
6.830917874396135
6.782244556113903
6.7473867595818815
6.761750405186386
7.096774193548387
6.864726027397261
7.039800995024875
6.7979452054794525
6.594594594594595
6.553299492385787
6.33623693379791
6.9168
6.65546218487395
6.864636209813875
6.732371794871795
6.555178268251273
6.617094017094017
6.837248322147651
6.913183279742765
6.869782971619365
6.877104377104377
6.718909710391823
6.829431438127091
6.7772108843537415
7.114906832298137
6.812292358803987
6.894295302013423
6.429856115107913
6.89672131147541
6.479353680430879
6.562814070351759
6.600343053173241
6.812703583061889
6.667701863354037
6.7688356164383565
6.739273927392739
6.672185430463577
6.89873417721519
6.745033112582782
6.912106135986733
6.375212224108659
6.676923076923077
6.462081128747795
6.8584905660377355
6.6407284768211925
6.514431239388794
6.516447368421052
6.629692832764505
6.7973856209150325
6.832543443917851
6.569983136593592
6.4976599063962555
6.821018062397373
6.650847457627119
6.605442176870748
6.719063545150502
6.44205298013245
6.569230769230769
6.3658940397351
6.431818181818182
6.67879746835443
6.710924369747899
6.683087027914614
6.511784511784512
6.83015873015873
6.345744680851064
6.4853896103896105
6.252873563218391
6.675675675675675
6.453781512605042
6.434856175972927
6.422680412371134
6.615640599001664
6.818627450980392
6.465686274509804
6.795341098169717
6.435
6.48141592920354
6.3777038269550745
6.6341059602649
6.609907120743034
6.705229793977813
6.693811074918567
6.4772727272727275
6.372649572649572
6.579778830963665
6.223958333333333
6.197324414715719
6.176271186440678
6.321895424836601
6.458333333333333
6.267702936096718
6.43859649122807
6.237847222222222
7.001579778830964
6.280448717948718
6.444444444444445
6.564569536423841
6.433497536945813
6.379254457050243
6.163410301953819
6.233830845771144
6.37751677852349
6.199029126213592
6.64367816091954
6.09468438538206
6.080068143100511
6.282527881040892
6.616298811544992
6.353535353535354
6.134038800705468
6.331632653061225
6.336805555555555
6.448946515397083
6.809825673534073
6.26578073089701
6.485197368421052
6.398671096345515
6.217905405405405
6.512155591572123
6.5888
6.404682274247492
6.015
6.5234375
6.121160409556314
6.153846153846154
6.098445595854923
6.304201680672269
6.5
6.3184165232358005
6.25944170771757
6.041166380789022
6.410958904109589
6.414634146341464
6.198425196850394
6.253378378378378
6.066666666666666
6.163398692810458
6.179054054054054
6.32626427406199
6.352745424292845
6.183774834437086
6.1506849315068495
6.24212271973466
6.1806020066889635
6.37037037037037
6.181229773462783
6.081037277147487
6.0797448165869215
6.3814935064935066
6.098865478119935
6.204918032786885
6.2781456953642385
6.074782608695652
6.214876033057851
5.9718543046357615
5.972555746140652
6.201986754966887
6.311557788944723
5.9306759098786825
6.38388625592417
6.175409836065573
6.301916932907348
6.27435064935065
6.24512987012987
6.107843137254902
5.804498269896194
6.18849840255591
5.847602739726027
6.289297658862877
6.008710801393728
6.511824324324325
6.2732824427480915
6.3996655518394645
6.158249158249158
5.832214765100671
5.9700499168053245
5.940397350993377
6.3413078149920254
6.2439024390243905
6.160130718954249
6.372456964006259
6.1210191082802545
5.940418679549114
5.998333333333333
6.0053003533568905
6.227891156462585
6.3800322061191626
6.265546218487395
6.0423728813559325
6.090909090909091
5.827302631578948
5.889261744966443
6.430232558139535
6.236391912908243
6.207236842105263
5.75
6.0102915951972555
6.127090301003345
5.876736111111111
6.1454545454545455
6.231391585760518
5.977161500815661
5.95016611295681
6.078202995008319
6.1080196399345335
5.778966131907309
5.732538330494037
5.7973856209150325
5.523049645390071
6.019047619047619
6.016207455429497
6.1138613861386135
5.7923875432525955
5.962171052631579
5.695798319327731
6.136655948553055
5.949579831932773
6.237623762376238
6.0131578947368425
5.946859903381642
6.283870967741936
6.093645484949833
6.101639344262295
6.113522537562605
5.9393939393939394
5.8076923076923075
5.7869127516778525
5.841243862520458
6.022471910112359
5.724436741767764
5.636833046471601
5.739054290718038
5.946945337620579
5.894378194207836
6.129084967320262
6.056179775280899
6.001652892561983
5.637606837606838
6.074433656957929
5.937704918032787
5.826955074875208
5.957236842105263
5.811091854419411
5.624137931034483
6.05111821086262
5.6638078902229845
5.9984
5.801029159519725
5.962199312714777
5.635761589403973
6.214754098360656
5.976430976430977
6.005042016806723
5.821428571428571
5.886855241264559
6.062600321027287
6.14351145038168
6.119236883942766
5.947008547008547
6.031932773109244
5.949044585987261
5.68824531516184
6.244408945686901
5.890675241157556
5.917627677100494
6.1105610561056105
5.6925675675675675
5.841166936790924
5.946459412780657
5.9144736842105265
5.720067453625632
5.648312611012433
5.974481658692185
5.577814569536423
5.95928338762215
5.78125
6.006535947712418
5.5641891891891895
6.181063122923588
5.5794066317626525
5.681444991789819
6.003294892915981
5.9724473257698545
5.726950354609929
5.8508914100486225
6.03858024691358
5.780327868852459
5.727891156462585
5.776649746192893
5.598275862068966
6.0711974110032365
5.741880341880342
6.173775671406003
5.962068965517242
5.765704584040747
6.036565977742448
6.150485436893204
5.899671052631579
5.656084656084656
5.698492462311558
5.86986301369863
5.821052631578947
5.658969804618117
5.764805414551607
5.916382252559727
5.6722689075630255
5.737541528239203
5.7947019867549665
5.929967426710098
5.704809286898839
5.69811320754717
5.8671328671328675
5.891666666666667
5.72859450726979
5.794628751974724
5.691666666666666
5.844290657439446
6.13109243697479
5.664495114006515
5.929530201342282
5.973509933774834
5.846761453396525
6.121069182389937
5.628774422735346
5.690048939641109
5.758957654723127
5.758454106280193
5.885521885521886
5.824590163934427
5.6731107205623905
5.737623762376238
5.570698466780239
5.600349040139616
5.712396694214876
5.757929883138564
5.774137931034483
5.765391014975042
5.834670947030498
5.980487804878049
5.8980263157894735
5.616666666666666
5.792869269949066
5.737104825291182
5.748760330578512
5.800955414012739
6.031456953642384
5.393220338983051
5.993670886075949
5.998373983739837
5.822147651006712
5.76759410801964
5.633390705679862
5.83248730964467
6.20650406504065
5.872531418312388
5.646864686468647
5.854757929883139
5.648
5.851030110935024
5.872053872053872
5.668989547038327
6.106969205834684
5.608910891089109
5.968174204355109
5.541038525963149
6.135433070866141
5.878088962108731
5.754414125200642
5.695945945945946
5.986754966887418
5.6084745762711865
5.618181818181818
5.861736334405145
5.643463497453311
5.684818481848184
5.681109185441941
5.65008576329331
6.020236087689713
5.654300168634064
5.548042704626335
5.673202614379085
5.635253054101222
5.713114754098361
5.924590163934426
5.722675367047309
5.437601296596434
6.0882800608828
5.647260273972603
5.771799628942486
5.9110738255033555
5.9502487562189055
5.497307001795332
6.023931623931624
5.946774193548387
5.7688356164383565
6.090016366612112
5.677152317880795
5.659359190556493
5.450420168067227
5.732418524871355
5.708126036484246
6.178683385579937
5.736559139784946
5.737261146496815
5.582905982905983
5.634446397188049
5.622977346278317
5.717821782178218
5.97427652733119
5.540727902946274
5.940298507462686
5.672757475083056
6.090756302521008
5.672609400324149
6.183441558441558
5.907563025210084
5.833333333333333
6.046666666666667
5.962418300653595
5.990369181380418
5.704433497536946
5.707482993197279
5.962328767123288
5.625862068965517
5.653130287648054
5.689368770764119
5.507413509060956
5.74491392801252
5.790657439446367
5.842809364548495
5.841549295774648
5.662691652470188
5.97822445561139
6.02373417721519
5.731023102310231
5.596521739130435
6.202194357366771
5.8119122257053295
5.66376306620209
5.918505942275043
5.627388535031847
5.807308970099668
5.752902155887231
5.50253807106599
5.636363636363637
5.934563758389261
5.4932203389830505
5.808196721311475
5.990491283676704
5.801694915254237
5.657097288676236
5.433497536945813
6.102201257861635
5.901830282861897
5.726495726495727
6.0420032310177705
5.602627257799671
5.975
6.033123028391167
5.861157024793388
5.645
5.250440917107584
5.580858085808581
5.892123287671233
5.783193277310924
5.795716639209226
5.884681583476764
5.546572934973638
5.536666666666667
5.805280528052806
5.647863247863248
5.43859649122807
5.811074918566775
5.920265780730897
5.635726795096322
5.684654300168634
5.298611111111111
5.499133448873484
5.681889763779528
5.740131578947368
5.908333333333333
5.562091503267974
5.811827956989247
5.673076923076923
5.732418524871355
5.75513698630137
5.877450980392157
5.645276292335116
5.653979238754325
5.722222222222222
5.8953301127214175
5.736318407960199
5.706867671691792
5.866779089376054
5.986820428336079
6.061488673139158
5.759868421052632
5.951456310679611
5.914516129032258
5.643790849673203
6.051409618573798
5.677852348993288
5.558260869565218
5.695364238410596
5.687603305785124
5.738053097345133
5.764227642276423
5.741042345276873
5.514579759862778
5.551369863013699
5.617495711835335
5.608695652173913
5.803361344537815
5.893039049235993
5.8839590443686
5.864726027397261
5.903328050713154
5.889081455805893
5.634751773049645
5.920529801324503
6.026729559748428
5.791525423728814
5.773424190800681
5.588524590163934
5.733224222585925
6.013937282229965
5.747145187601958
5.8322475570032575
5.893964110929853
5.65982905982906
6.0
5.734006734006734
5.947867298578199
5.814569536423841
5.798412698412698
6.006745362563238
6.23950233281493
5.975845410628019
5.586206896551724
5.667741935483871
5.883445945945946
5.818791946308725
5.9438943894389435
5.936728395061729
5.851602023608769
6.070205479452055
5.974619289340102
5.79020979020979
5.715008431703204
5.545008183306056
5.448833034111311
5.539115646258503
5.715702479338843
5.8704
5.610526315789474
5.668989547038327
5.8013582342954155
6.059308072487644
5.801369863013699
5.916118421052632
6.151898734177215
5.991721854304636
5.9794303797468356
5.976923076923077
5.893760539629005
5.983525535420099
5.971383147853736
5.650709219858156
5.717105263157895
5.777960526315789
5.965870307167235
5.990353697749196
5.689256198347107
5.621392190152801
5.795262267343485
5.655986509274873
5.637417218543046
5.889423076923077
5.732113144758736
5.758735440931781
5.906040268456376
5.977198697068404
5.980066445182724
5.893687707641196
5.7221269296741
5.943781942078364
6.017770597738288
5.494271685761047
5.939102564102564
5.576547231270358
6.066558441558442
5.959349593495935
6.1009933774834435
5.416382252559727
5.735144312393888
5.508650519031142
5.7425249169435215
6.283048211508554
5.573378839590443
5.441489361702128
5.797598627787307
5.663157894736842
6.087689713322091
5.774557165861514
5.676419965576592
5.635897435897436
5.721830985915493
5.60431654676259
5.81692573402418
5.7602862254025045
5.796825396825397
5.643697478991597
5.74526678141136
5.738617200674536
5.543441226575809
5.873096446700508
5.779690189328743
6.040677966101695
5.781302170283807
5.768987341772152
5.5479452054794525
5.442372881355932
5.731663685152057
5.668918918918919
6.107981220657277
5.923986486486487
5.665517241379311
5.8839590443686
5.805
5.968102073365231
5.554076539101498
5.769485903814262
5.681229773462783
5.675324675324675
5.72027972027972
5.755737704918033
5.829187396351576
5.840460526315789
5.707438016528926
5.621138211382114
5.737976782752902
5.7116357504215856
5.71107544141252
5.759554140127388
5.885
5.7781456953642385
5.4465195246179965
5.971571906354515
5.840909090909091
5.66156462585034
5.614982578397212
5.653027823240589
5.809931506849315
5.718954248366013
6.057722308892355
5.830122591943958
5.859322033898305
5.598260869565217
5.9629005059021924
5.715927750410509
5.904290429042904
5.784873949579832
5.872756933115824
5.953608247422681
5.8624595469255665
5.871382636655949
5.657534246575342
5.660377358490566
5.791379310344827
5.760489510489511
5.768313458262351
5.786061588330632
5.77195945945946
5.692179700499168
5.681372549019608
5.792763157894737
6.044117647058823
5.530120481927711
5.869634340222576
5.872168284789644
5.904684975767367
5.618887015177066
5.688663282571912
6.003305785123967
5.397526501766785
5.5271739130434785
5.750847457627119
6.02442996742671
5.606896551724138
5.824590163934427
5.539655172413793
5.721283783783784
5.8844936708860756
5.738907849829351
5.720070422535211
5.820967741935484
5.608130081300813
6.082554517133956
5.436860068259386
5.9024
5.654255319148936
5.837479270315091
5.631932773109244
5.895904436860068
6.264931087289433
5.815140845070423
6.001727115716753
5.797319932998325
5.573630136986301
5.917369308600337
5.762626262626263
5.795121951219512
5.790849673202614
5.736666666666666
6.1410048622366284
5.802610114192496
5.916666666666667
5.651741293532338
5.684121621621622
5.899186991869919
5.9573378839590445
5.731448763250883
5.708480565371024
6.141430948419301
5.587328767123288
5.760726072607261
5.906300484652665
5.832
5.921311475409836
5.516814159292036
5.498355263157895
6.044776119402985
5.611301369863014
5.973228346456693
5.832775919732441
5.541666666666667
5.84219001610306
5.93570219966159
5.886363636363637
5.878172588832487
5.906510851419032
5.862012987012987
5.913333333333333
5.608303249097473
5.717495987158909
5.961038961038961
5.766256590509666
5.99
5.772875816993464
5.799671592775041
6.276461295418641
5.593591905564924
5.9357495881383855
5.787346221441124
5.945454545454545
5.690635451505017
5.833333333333333
5.694397283531409
5.681063122923588
5.803030303030303
5.787564766839378
5.7482993197278915
6.025848142164782
5.962774957698816
6.314465408805032
6.037676609105181
5.964686998394863
5.535893155258765
5.917398945518453
5.897893030794165
5.693843594009984
5.636655948553055
5.698305084745763
5.788461538461538
6.008183306055646
5.690878378378378
5.692708333333333
5.64440734557596
5.707401032702237
5.73943661971831
5.623488773747841
5.563478260869565
5.884615384615385
5.617405582922824
5.885382059800665
5.524054982817869
5.798701298701299
5.5844370860927155
5.5080500894454385
5.8482293423271505
5.867430441898527
6.109350237717908
5.815745393634841
5.871794871794871
5.832191780821918
5.970443349753695
5.612389380530973
5.493288590604027
5.789735099337748
5.9526143790849675
5.585448392554992
5.792063492063492
5.83596214511041
5.769485903814262
5.734797297297297
5.772495755517827
5.612903225806452
5.849056603773585
5.7420965058236275
5.824531516183987
5.755593803786575
5.803082191780822
5.587628865979381
5.515151515151516
5.715563506261181
5.747235387045814
5.896013864818024
5.57784911717496
5.58154859967051
5.507640067911715
5.581881533101045
6.1424
5.746006389776358
5.86709886547812
5.6179966044142615
5.937288135593221
5.778151260504202
5.5664451827242525
5.653418124006359
5.876996805111821
5.820557491289199
5.766211604095563
5.813148788927336
6.0756843800322065
5.424295774647887
5.675041876046901
5.982286634460547
5.803056027164686
5.920886075949367
5.824088748019017
5.645941278065631
5.671140939597316
5.701666666666667
5.723154362416107
5.724876441515651
5.8542713567839195
5.940514469453376
5.925549915397631
5.535893155258765
5.839160839160839
5.799347471451876
5.702936096718481
5.870307167235495
5.980424143556281
5.800314465408805
5.850082372322899
5.675767918088737
5.789383561643835
5.625827814569536
5.884868421052632
5.403780068728523
5.523411371237458
5.95593220338983
5.837248322147651
5.783333333333333
5.589655172413793
5.846801346801347
5.7827586206896555
5.923339011925043
5.985221674876847
5.73
5.636363636363637
5.558098591549296
5.700680272108843
5.578856152512998
5.492063492063492
5.833610648918469
5.768189509306261
5.864548494983278
5.833607907742999
5.6138613861386135
5.632090761750405
5.5188356164383565
6.0542763157894735
5.786339754816112
5.8988391376451075
5.844331641285956
5.951907131011609
5.7677966101694915
5.568067226890756
5.564705882352941
5.842696629213483
6.07495741056218
5.836767036450079
5.71078431372549
5.807757166947724
5.8528
5.695507487520799
5.551505546751189
5.873355263157895
5.7026143790849675
5.850406504065041
5.44336569579288
6.174726989079563