
129.0
248.0
167.0
212.0
192.0
186.0
212.0
206.0
220.0
195.0
228.0
196.0
250.0
194.0
197.0
157.0
212.0
222.0
214.0
228.0
196.0
188.0
172.0
175.0
165.0
200.0
163.0
203.0
162.0
175.0
188.0
174.0
143.0
156.0
208.0
140.0
211.0
160.0
170.0
152.0
142.0
147.0
157.0
163.0
152.0
149.0
119.0
126.0
174.0
156.0
145.0
130.0
143.0
143.0
170.0
162.0
176.0
151.0
156.0
150.0
192.0
129.0
110.0
130.0
85.0
146.0
162.0
85.0
127.0
127.0
107.0
124.0
134.0
171.0
126.0
95.0
130.0
123.0
154.0
155.0
146.0
132.0
81.0
125.0
132.0
123.0
139.0
82.0
137.0
147.0
75.0
118.0
118.0
99.0
149.0
105.0
104.0
85.0
103.0
117.0
101.0
122.0
102.0
84.0
102.0
72.0
105.0
99.0
127.0
122.0
90.0
101.0
89.0
116.0
99.0
126.0
95.0
116.0
81.0
141.0
108.0
103.0
53.0
105.0
60.0
81.0
84.0
110.0
88.0
79.0
91.0
89.0
108.0
109.0
109.0
70.0
110.0
75.0
113.0
86.0
67.0
92.0
91.0
115.0
107.0
89.0
88.0
100.0
95.0
87.0
90.0
65.0
85.0
57.0
83.0
93.0
91.0
101.0
92.0
88.0
52.0
77.0
56.0
82.0
71.0
80.0
64.0
81.0
106.0
88.0
94.0
71.0
62.0
65.0
76.0
102.0
82.0
112.0
62.0
70.0
80.0
57.0
63.0
57.0
70.0
80.0
52.0
82.0
54.0
105.0
64.0
56.0
76.0
69.0
75.0
56.0
65.0
70.0
69.0
86.0
61.0
54.0
61.0
77.0
60.0
56.0
65.0
70.0
73.0
103.0
70.0
57.0
63.0
57.0
82.0
86.0
71.0
54.0
80.0
61.0
44.0
46.0
51.0
78.0
51.0
60.0
34.0
63.0
76.0
57.0
57.0
48.0
65.0
56.0
54.0
66.0
70.0
52.0
55.0
50.0
68.0
43.0
66.0
68.0
76.0
47.0
64.0
69.0
57.0
48.0
49.0
43.0
66.0
51.0
44.0
69.0
70.0
63.0
52.0
64.0
50.0
30.0
54.0
46.0
53.0
47.0
63.0
73.0
76.0
51.0
42.0
38.0
40.0
75.0
47.0
50.0
56.0
56.0
48.0
36.0
31.0
51.0
61.0
56.0
49.0
59.0
45.0
37.0
77.0
68.0
56.0
33.0
63.0
50.0
41.0
49.0
54.0
41.0
39.0
45.0
43.0
33.0
28.0
38.0
30.0
49.0
50.0
42.0
29.0
47.0
31.0
42.0
50.0
61.0
52.0
41.0
65.0
55.0
51.0
52.0
34.0
27.0
29.0
32.0
39.0
26.0
48.0
34.0
52.0
47.0
66.0
50.0
39.0
42.0
62.0
33.0
40.0
40.0
43.0
38.0
32.0
40.0
43.0
28.0
35.0
42.0
51.0
41.0
52.0
44.0
44.0
48.0
53.0
55.0
45.0
48.0
37.0
22.0
62.0
51.0
46.0
58.0
35.0
49.0
44.0
35.0
43.0
27.0
57.0
36.0
57.0
48.0
65.0
24.0
55.0
27.0
23.0
44.0
42.0
29.0
52.0
40.0
35.0
33.0
35.0
35.0
43.0
32.0
80.0
36.0
31.0
66.0
47.0
61.0
35.0
43.0
44.0
41.0
31.0
32.0
50.0
29.0
41.0
54.0
43.0
38.0
33.0
38.0
50.0
29.0
41.0
35.0
32.0
53.0
43.0
46.0
34.0
46.0
57.0
27.0
28.0
24.0
32.0
42.0
47.0
30.0
30.0
29.0
26.0
32.0
33.0
39.0
40.0
40.0
60.0
52.0
34.0
38.0
41.0
45.0
45.0
56.0
21.0
50.0
35.0
43.0
53.0
39.0
41.0
53.0
34.0
33.0
45.0
44.0
49.0
42.0
40.0
56.0
47.0
36.0
23.0
51.0
47.0
43.0
32.0
53.0
30.0
35.0
47.0
34.0
36.0
42.0
29.0
39.0
33.0
30.0
44.0
37.0
30.0
45.0
28.0
23.0
49.0
38.0
32.0
45.0
50.0
33.0
46.0
47.0
38.0
61.0
34.0
23.0
24.0
40.0
38.0
69.0
28.0
31.0
30.0
30.0
28.0
39.0
38.0
33.0
50.0
38.0
47.0
43.0
66.0
47.0
46.0
49.0
53.0
51.0
38.0
42.0
51.0
27.0
31.0
38.0
45.0
44.0
37.0
40.0
36.0
22.0
29.0
60.0
37.0
23.0
41.0
33.0
31.0
38.0
38.0
41.0
47.0
30.0
37.0
41.0
20.0
41.0
34.0
40.0
32.0
41.0
43.0
47.0
25.0
47.0
29.0
53.0
61.0
41.0
37.0
25.0
33.0
47.0
45.0
41.0
38.0
41.0
33.0
34.0
40.0
25.0
45.0
53.0
36.0
37.0
24.0
27.0
43.0
38.0
43.0
33.0
41.0
41.0
38.0
30.0
42.0
34.0
28.0
34.0
45.0
37.0
32.0
43.0
35.0
49.0
38.0
41.0
51.0
33.0
44.0
38.0
23.0
28.0
29.0
40.0
28.0
48.0
35.0
29.0
36.0
29.0
40.0
48.0
42.0
54.0
40.0
37.0
35.0
62.0
43.0
37.0
37.0
24.0
33.0
55.0
35.0
40.0
55.0
30.0
47.0
34.0
52.0
44.0
37.0
46.0
55.0
55.0
32.0
43.0
43.0
44.0
42.0
45.0
54.0
46.0
55.0
33.0
41.0
27.0
18.0
30.0
49.0
49.0
30.0
31.0
49.0
56.0
35.0
52.0
62.0
49.0
49.0
46.0
56.0
37.0
44.0
35.0
27.0
36.0
45.0
53.0
41.0
22.0
36.0
33.0
37.0
36.0
30.0
37.0
51.0
41.0
42.0
39.0
35.0
39.0
47.0
28.0
48.0
38.0
61.0
41.0
50.0
22.0
32.0
27.0
33.0
63.0
25.0
25.0
41.0
38.0
51.0
51.0
36.0
30.0
36.0
24.0
49.0
38.0
49.0
34.0
47.0
36.0
28.0
45.0
39.0
48.0
36.0
31.0
33.0
25.0
32.0
47.0
58.0
38.0
29.0
43.0
37.0
46.0
27.0
30.0
31.0
37.0
38.0
50.0
47.0
44.0
31.0
33.0
52.0
37.0
43.0
42.0
48.0
59.0
15.0
52.0
53.0
31.0
27.0
27.0
48.0
36.0
53.0
29.0
47.0
25.0
51.0
25.0
46.0
43.0
54.0
46.0
39.0
49.0
28.0
43.0
38.0
25.0
41.0
43.0
38.0
26.0
37.0
43.0
53.0
23.0
38.0
49.0
47.0
36.0
26.0
52.0
20.0
25.0
46.0
60.0
32.0
34.0
30.0
42.0
54.0
26.0
33.0
42.0
42.0
44.0
28.0
56.0
27.0
35.0
34.0
46.0
70.0
36.0
39.0
35.0
34.0
42.0
41.0
40.0
43.0
38.0
49.0
45.0
55.0
24.0
41.0
48.0
46.0
32.0
34.0
59.0
30.0
40.0
48.0
42.0
50.0
31.0
32.0
52.0
35.0
52.0
50.0
31.0
48.0
51.0
39.0
52.0
34.0
54.0
56.0
23.0
33.0
59.0
36.0
43.0
40.0
57.0
57.0
35.0
50.0
33.0
45.0
31.0
51.0
39.0
35.0
42.0
55.0
31.0
46.0
50.0
74.0
52.0
38.0
33.0
51.0
42.0
46.0
25.0
33.0
47.0
56.0
40.0
24.0
35.0
17.0
28.0
19.0
32.0
50.0
36.0
40.0
24.0
43.0
41.0
27.0
42.0
36.0
50.0
36.0
35.0
35.0
47.0
27.0
23.0
32.0
50.0
33.0
51.0
42.0
37.0
39.0
36.0
26.0
45.0
35.0
37.0
36.0
40.0
29.0
21.0
29.0
36.0
29.0
34.0
41.0
29.0
25.0
58.0
52.0
40.0
26.0
36.0
33.0
24.0
37.0
48.0
34.0
37.0
39.0
44.0
23.0
41.0
60.0
39.0
42.0
31.0
39.0
34.0
32.0
42.0
27.0
42.0
51.0
42.0
30.0
32.0
29.0
37.0
34.0
49.0
43.0
44.0
39.0
33.0
41.0
44.0
28.0
19.0
50.0
55.0
48.0
35.0
40.0
30.0
58.0
49.0
35.0
34.0
23.0
31.0
28.0
25.0
52.0
44.0
39.0
36.0
45.0
39.0
32.0
46.0
34.0
44.0
43.0
58.0
40.0
30.0
31.0
43.0
50.0
36.0
33.0
27.0
33.0
49.0
43.0
44.0
48.0
41.0
34.0
68.0