
411.86662323050314
425.47304139186843
429.1236507246778
414.3162496044247
414.84064092721536
436.66654327206254
436.79312878968824
411.7758230585944
415.6691001148612
424.0647288997472
434.0324494274507
422.06057956658015
412.01116102191025
383.2988731085308
407.4757236887157
423.58101343967326
413.71551862899844
415.21994677499526
424.52627429820285
433.0626006882115
419.9970213159803
444.58575842331504
426.0043181468198
444.49528200978114
436.29305784047756
425.9916970010396
425.2866556465997
410.62848637920735
401.22416136572
458.1582447073597
425.51618817637507
412.71632449193885
430.9798174001592
409.76332357010887
436.4502285554666
423.9330045869312
404.4971297452606
440.2763563349389
421.2340071714545
432.8486174654563
417.3714930763264
411.2921138720195
423.5394668625169
445.7405391938131
425.1313898251169
435.4261522996327
416.94332372613536
437.78560212077775
433.7742809493213
415.3490018261147
411.11144419139436
417.7338794250295
421.5872710410214
407.0786268230397
391.0003740425351
413.42679894921974
433.7184260805724
430.39363198331864
406.75110504756015
426.4027883369319
423.26244783905156
414.0422299989773
427.2786811451363
420.4482203977656
408.7726438312824
431.0949117715977
444.12648421594156
420.8907361486141
389.61937624510836
446.1029711180736
415.1494665657225
423.6651000364216
446.27051334634945
442.24119390185814
419.97984355935904
416.4728288194624
423.8149202491121
428.9992635059875
455.6318876208864
422.2753166872602
409.8741438362161
440.3935547031304
404.48940699752325
434.8829690749062
402.8777869692385
423.72158080209294
414.15453456058515
407.20488668815557
395.5527251399374
455.27717337078855
418.5410572360914
436.82309738614697
409.69402441686236
424.8974978736711
430.1969565825831
440.2922552369397
408.6673021578566
421.92498155472623
427.02173973524623
463.0536266377486
400.5369015793286
403.14601006092704
396.2834770386232
392.80133411179725
381.680596009198
380.22526253909876
451.6276336083706
414.6232074791201
403.1394548857239
405.52559147430577
391.11420705343016
399.2213184198323
434.7180740016321
449.0152556937278
402.71440911640894
406.74324634846135
401.69549471680796
399.0686399949961
436.85485912689467
431.43135397954063
402.61988251416335
435.0387248033118
417.66436635925373
424.50018106450017
398.2300045977207
418.42214303438186
426.2467024024485
418.42358843282943
467.3664136488045
422.0223210453504
436.6359704456422
418.61561342183234
452.1172845022021
405.6048351216521
405.84158121009335
386.49145338838906
385.6576867759775
392.6367756760231
446.9830370993726
427.65158162455793
423.98399053416125
414.3278827660958
413.784145921372
416.64380725017617
413.82419911835325
409.41973113418356
421.63651941432045
427.59261159794477
411.58336747965313
392.8898435980257
416.60957426094876
423.76032382557014
399.39873730636464
441.41295572924537
424.14404041516
448.1311264140424
416.25510314945757
413.9156253661836
429.51830974482084
457.8270552965299
408.6216261989816
443.5834896628735
431.252088211378
476.86934407032066
429.84053664665396
418.57651257370543
407.3216492827914
425.15438258269916
399.75564309383736
407.6686648499621
449.2237539031303
396.0288324328892
414.2080375853686
432.356625927128
412.76167031377975
424.8217964684397
443.8155253264834
415.3079998965994
441.3573133724506
393.06376182854285
447.845719096038
418.8656497927885
401.0251238286661
432.7191813942788
401.6862470890489
411.180027057558
404.0949204045015
442.993399101604
415.8874435629588
459.34025890100594
419.85927905181904
422.698761965186
395.0673249573618
415.59532333893395
435.1465951018339
386.2346788597165
447.8584648007577
421.4201245958604
412.7278831101473
425.74571638781583
415.3860001954061
384.5065100410153
386.2661038662062
424.4370242386475
419.0235072388024
368.9598283524274
401.63951140533953
402.1788108308809
426.65393603830137
419.3752288606429
416.09049974976153
453.1219708515371
422.4564192113841
390.774977608588
423.7053370163937
453.1271094396123
411.81058872260945
421.9309211541528
442.29817340930066
395.13223640656116
447.755606370834
412.9985975957021
419.7229316339026
426.6600967172126
418.640375706694
420.1570597501024
437.83304669531816
419.1183134110378
419.633300203512
436.2338931951883
388.12791711779875
428.4224343485921
393.5807447536912
415.9120085103379
459.5445239168786
398.8173215091025
408.0458711658167
394.89957326093514
415.14923772210585
431.31278613767745
394.03094468955493
437.80393474354014
397.20828031111427
383.6056849180231
397.5722707203314
440.5325792597523
408.526387816799
386.19487442278665
390.27065454255023
415.9675963968565
414.0059658228259
381.7406724056699
400.3746470039074
415.368577071682
394.6903389598974
452.1499074548011
408.68434176232523
439.2126513117152
405.2850545053992
417.50840965341
419.35147848953847
403.3938238906591
416.9713310721821
365.20287642060697
410.5291632675488
385.7046774445572
428.02742676424407
421.6219000309958
413.5573040770484
388.99536039235284
393.1047207309976
394.47233904235384
391.8046411675206
416.65905206358605
439.0488305571318
424.2872897217312
449.27016606723225
411.64139604097124
412.44203816803264
421.3893544709168
378.7883789909698
428.25331925335956
417.1975681442492
389.58972713745374
403.93091432451536
373.79518649016796
375.7518967902459
396.7518707378648
385.6744985990818
408.1636412243719
415.2137349519131
406.75588268271645
374.40166247188995
386.5547455924783
372.10646349999996
415.8352994095497
415.4423099589183
398.0887081996556
404.62140050185724
406.84842235358593
418.7077702397689
390.64050726894146
398.7405301168423
419.80862247531894
360.29195316256175
418.2545927617224
404.7093923348328
414.68267228016646
394.6995468290327
385.69581119834874
377.765989383693
409.3381387570922
366.77961317571845
391.4023644639998
408.81230285053664
405.5558397679342
407.7490941663459
383.0553171176261
421.3795775198957
404.2415969355526
402.83077901579685
386.83010694584607
399.9219005697038
396.6641356461396
415.6170781144485
390.10456378485827
335.55840825745315
374.7329298206479
392.90508864837176
384.97377228510373
394.6770375315212
421.2000748709277
389.8023840361548
355.462332863298
400.1416840803634
414.74094321299
396.24390696943544
385.3685388625096
370.7271729120634
366.847512104584
444.10780648749744
350.31363440032527
404.80953215739214
409.3850925312428
379.22128969724884
360.0071497447843
405.66839750951715
378.99201264703254
373.6261921314511
371.7316383584144
391.07295490312947
399.2064323028206
430.829761272882
439.2764730882089
379.15178831519114
369.91419752666945
404.6744495868319
401.11029648318066
426.398411443656
392.2198012051259
405.68006924112836
393.48561000648505
388.3376853472569
409.6650891486336
379.1115225203007
397.6672298215552
355.2517821918927
360.1375332779628
403.8014656905901
376.4074424647383
398.17588113105114
362.83442399736765
360.2236891956208
387.46918061272237
401.7611191663629
370.6796809775395
404.40716256380625
409.84851549539434
403.4955601473191
354.46841938018287
385.9931601697057
435.89418336728295
390.83154603142447
370.8778836088692
392.3146549349848
366.0745408660913
413.0088781841211
374.6864330685415
387.65765303444516
389.03727192246413
387.9807860163595
389.7901282105704
416.597064848684
381.95044130871423
354.77697657481116
378.4038434261524
359.8345504313409
364.35636402191346
345.7969741912285
377.59534830843825
358.5451889567472
377.3131167005323
374.24526601630225
374.93160954080133
387.1712087622098
371.68455517731763
381.54640733986383
352.8678915672755
376.42950586613244
409.29871902466994
381.97525632869207
364.9195725481456
374.90791780299634
371.54797241331346
389.60415038564804
386.34753331169696
434.145793680119
386.2292034919026
434.82396215493026
366.30947748311416
397.967561151412
404.0209320309518
404.78676701863185
397.9390477090236
399.97201509036637
347.5178381772161
373.71883148056565
366.67559216712397
371.1199630158434
383.7470023750695
378.66164998378724
357.06230408876894
378.6649989244553
397.2490446088968
407.5798604722453
393.56643257075586
362.62054067806355
371.267044634341
369.5892415275025
363.01975739375655
393.7331689489371
381.28976225712097
360.32659663007763
404.7743962027811
405.3416667206767
358.6704078382835
379.42507171375047
380.0784552569286
377.94294890784585
395.12715156244565
365.45757294140134
390.7951185676741
366.11855882577504
360.19097635132783
385.87360778293544
370.78422680568906
348.0503436465665
404.85435635999954
358.2371891323812
426.2871172941192
372.45496392471233
410.54930298279004
388.1237482328307
381.1773570417709
373.2575638556359
394.14857682936145
371.7989267544792
395.3581432263744
423.84279427889396
378.0685883022569
396.9288529513048
343.59388285417646
385.23756381574833
395.6527408095402
361.50023997952445
345.95333300576584
352.0846936551812
360.88558735561827
377.22445508346226
392.57660746195995
408.96346665216754
390.2110958442252
459.43363489244973
358.8473438486003
342.1627908564777
379.9425287747205
389.2051302975502
346.82207532274066
367.2879758545425
395.1210010550446
389.79004276095054
397.3444726504385
382.7665925116997
386.3044360805838
377.0624441549984
374.95311596681887
378.01686894400757
450.7446736948235
364.4864369757227
414.77367064409356
364.5106754275948
351.2914854991576
398.3538532317767
371.8630241091974
418.54313475598303
345.1207653698804
377.41989097316343
363.4277441628469
398.87751188686633
375.7654068920729
411.5386125048138
372.26011870952715
379.86140180383694
385.6858764156747
399.21301794615226
410.9207362490188
391.3925778528734
361.78483801248274
365.1663119533342
388.9818990744136
364.81697054446073
377.0620288722362
362.8569166738241
395.1574692907437
366.1276478168785
402.07371812278836
379.16073140515306
382.167101973221
393.83959009833296
405.22836309668776
370.15890852156656
371.4926156182711
444.86664662692704
403.3873445252316
358.39180005776973
390.09217645626495
375.53666861253004
366.57802805516343
363.8812318324405
364.71439662914776
363.1994165882975
374.6088764197351
370.26112204679333
400.28306511568616
435.37027896144434
373.81330972894017
400.41032372901725
365.55415810487926
410.8179016889238
372.23444091427854
403.7183588339003
411.70440359987623
398.3766775268496
407.4157208573324
372.61409190619617
383.4731660669876
361.52318169072333
347.570689120809
366.6156518968226
369.18181818139203
370.27973750120145
402.4501565695021
359.4927185265707
336.1758003865332
343.9413400681624
371.98484340109974
347.7990265340136
359.65709301413335
383.60385156961945
377.66832043087936
360.5496454049033
365.9735703912755
362.4293922395639
361.71265737014585
387.13150991625025
381.3800424865692
381.2224485990069
361.6951618815289
342.5855793163992
380.7799715435714
372.7464371102402
372.06719115910727
393.12118667364905
327.4592775515077
390.3306742156784
355.20173110907456
383.80057354883434
366.4504886808403
378.9907867590433
386.1533056179047
410.0665731499672
410.91828226818177
383.9474760112028
405.74613984871496
377.129585002743
376.8497863851204
405.5106835982872
369.03011438400665
363.95793966297003
356.8441093064249
378.6945262238799
336.23345659453696
399.60182640905174
394.6962511464917
353.13812734462647
369.9605353053005
375.7299410712362
357.9509602787781
372.50953105221697
361.38875061390183
360.02207639984886
366.1623690394633
413.50852684244893
375.548457226059
339.56150006878846
360.9508960327605
404.6208854393855
359.1911241892106
334.11468307471375
372.15403920110987
375.4373180152114
375.56693565231916
382.4460432202117
389.0328749755229
385.0739556239087
370.5225377298738
395.63182663255174
373.4881631892538
382.32629830548524
361.3074678979205
406.27462102608166
387.2142246091042
431.8592230389507
397.62144869995126
365.90497002908387
378.056348590237
379.1875902993822
349.9844674294779
388.70799675016
409.8325147754059
353.95436506403684
375.050880860929
374.776532612861
380.1433930161644
353.94194148183385
380.82811756415225
347.9465201634056
343.75851219145636
357.41135417970474
380.3422810939781
351.90544244625596
326.46554148608
364.9133801732112
366.2300268458037
376.13133165396573
355.83312721827406
386.3277565808802
356.97060885601275
392.16107267497927
419.87491341745846
358.70064620174094
395.1958706763025
399.4676715210835
360.8562716323803
390.086182542102
399.0150294410039
383.19286420801734
424.4686880715605
361.4851966816687
380.70189810989143
378.01394017668173
366.4732361543024
362.41545341985926
400.2961691566335
394.37041926466
372.6379859148016
380.3603568304732
390.40020336292827
418.0524307518514
391.8924813865219
350.9380788445966
381.12082358752133
398.4645767550395
378.2911350297653
390.1845827846922
355.4822420100439
375.6207531207166
394.2859274967801
380.06416691934135
364.93277851779476
372.0076269385137
349.0332618303518
365.03711160554275
418.12156691964503
349.7225697789754
338.5626643528294
353.3737553148317
344.94846815519156
367.8901844159715
367.51459128148616
355.35162456520356
367.94243268143185
350.23801428553594
331.34049062089565
363.92135966646504
347.6023903044387
367.1776637599382
363.68086305756276
369.83546713502915
383.0248288775599
366.4692773750371
367.11529927810864
349.71826038942123
372.0091638484163
400.95813610741516
389.9745517389526
365.46244287853506
346.51747638791846
336.7824665673052
355.3692737033674
411.18266636006337
370.59044956942057
367.54007659057794
358.62925683972367
370.94037521239665
404.71402185845506
363.4927255406144
379.5451689526667
378.3670412668756
371.24652398849264
340.94428497417573
353.3856165666797
364.70630511288294
366.3729924916398
378.60122301200556
359.252223840017
362.66457383255494
349.8871485114861
368.9623022462838
366.28927979576144
365.6194025257881
345.89448765926295
366.3970341230662
357.1668419869854
348.8337542896178
360.04931889263435
349.7132092783235
376.287209894375
336.2982497548029
360.26758717558386
384.48218774395406
334.32074364515887
346.1678975161586
354.83180453415804
378.32395077292557
370.2449454045108
382.33282489508764
365.75562101508046
347.31738541201486
362.0313896122923
412.1106772916951
393.8537633167848
357.9666170079297
348.3053321354253
342.99959481741445
373.46226573858456
360.6269845575356
381.12761235632036
372.0442810255992
377.4718496177428
379.3587325176942
366.4152999855701
381.2644488436811
353.62021432958073
406.9773575851024
373.055709454896
388.8961955282093
361.92992210200407
373.7764668609312
351.8882077621716
341.95582745819513
336.41110154168143
344.0362632323037
382.6375413524773
319.075304013557
390.3734743257658
338.98580482023397
351.9120128956989
395.5693135967932
369.4749503809104
332.75528291160333
390.4164408361465
352.4615714961723
410.2626616390485
359.35000562255243
373.5251030184986
365.3639309563684
372.9852429761912
351.19632684042256
342.135408874588
425.9475111402884
339.53191130152703
383.7266479088392
366.24322649676174
340.59063797892964
378.364228076257
357.7678144630419
363.254707500936
372.57078778183836
373.2865486717951
411.71466151119205
384.90789325234283
367.0851845043986
366.450779884238
354.1132886269904
381.8046596712421
366.4966012388994
353.39543680079936
352.8659260430642
395.6551528702302
338.8535009057756
340.959666250133
400.85247099928836
380.5439086656947
355.7666855333378
338.3247467852028
331.6055175562925
375.7129609510255
352.6158603883274
369.39837502966736
359.18735886218315
375.684069304124
371.83155138093827
353.0593944187869
398.2412131045246
369.93227864516626
401.27718177528527
361.3014155881491
367.22937019567877
368.56899376594913
393.83743971525917
372.7495675707531
346.4766200666793
361.38160892547717
361.8047533835155
367.6303033918319
415.7930302339735
343.6843286260611
368.7130985763395
342.0999522924374
383.4589467899223
365.0197342391997
346.44482768819364
367.86050970981995
378.1374529125152
341.4544980880348
334.31389733853337
367.6629656290511
384.0412767148049
357.98208020368884
391.9886783058802
382.6292674397822
376.0372223479336
378.6906061939841
350.6674457771501
394.19127305271763
369.2752510832583
387.60122541736575
369.9332585595085
345.6901083248965
366.1402126060254
369.68748216549363
366.35525251909553
358.01783283792633
368.0746849679134
373.29421963090203
369.01485605845204
350.0947146360899
377.34234946122405
389.2272624879132
370.05113062560224
347.90102204661764
384.8799301158556
376.048790178761
338.9640157446877
369.08407451533276
384.45266304217904
426.7257992751391
401.3698131154156
393.9630301162815
369.6187378650613
379.54310675241663
353.5857063956115
367.768345294124
376.21630540140563
384.9034098849576
339.1241856816408
369.19388485863385
399.88741574645235
385.5612893882078
359.4009643278082
381.08462780206116
369.4220901467636
422.493830395269
388.85093610104974
378.5761927733527
373.1335345237526
350.9044302042833
391.5724385701465
347.87661174542194
365.56820188783297
387.73185430834474
364.4302126311308
373.6070802252589
358.4649074561192
366.23685563293986
358.01316128443466
399.5032140679436
388.4439215788756
385.46033910692944
365.5041825433699
391.741763423707
382.0510240218813
383.1787152871049
372.8115802000731
401.5423037557583
371.57934214427945
384.63178577471933
362.0252048216179
403.6249364277322
343.27629956389575
348.1319188397739
375.9586148381257
379.4275894714831
419.7571429715217
370.6700010082873
363.3429895197619
388.69980393719715
373.82131835608044
372.4012702834383
376.86612410355286
375.7616913407445
364.2001174840741
406.70026369020655
371.2983649388925
348.65569033318087
373.7737524129266
360.5367797951184
361.01596702795496
374.93184975807725
397.475905216342
380.0953855172465
354.3536912345895
345.0657038765733
341.25029482341864
347.9837406365078
328.28610599395535
375.3554418923057
352.5990215159619
364.4941665665465
353.330425114278
356.87105140177766
366.0182170437871
361.5759128987683
345.806392326264
371.8612309553423
355.00461974256854
348.9425206529333
347.1221426368153
380.7781699543982
341.10636730227594
337.095639603082
365.456545659223
347.96049699173136
360.5307718460174
373.81174216922545
360.3020672819062
380.990452017562
363.76549154080203
366.5433131730513
351.94482733271224
391.8344417340414
373.2236833420707
369.3970464875485
344.51888318074964
338.0867053375278
364.13160666847176
388.2485576311328
351.80801872026683
389.41124061850337
379.55418179384213
392.53446207122136
385.07505403147445
369.7182294934917
355.6700726786891
374.0226869673389
359.245864364904
393.31928841745224
351.6069489203711
414.26032272458923