
517.9304999999998
354.3494999999999
431.48799999999994
416.20299999999986
422.22400000000005
426.34658967781314
435.25870573165764
415.2580787701016
383.00325
417.3671363104263
357.2073121182495
429.16349821603336
322.1537105008989
401.4707146966167
431.0570795484579
503.45330159371287
412.14864564442587
352.97090132366486
405.2680903530965
380.6260142170659
428.44142816831953
456.704120209579
426.83902892881645
477.11160554158295
463.04546558641306
441.2053882137899
480.33399077159737
399.934675890281
456.5760909210553
451.9293360692839
431.8808376372825
466.9079253475373
504.17532133587
477.9134238193502
432.09483553095305
533.2676804940644
418.4333576915965
519.1842015496959
478.3601320361745
537.9584965026837
522.9887594440046
521.2149430508258
500.2207460547934
530.9843352832238
510.81719310319903
533.1312582792086
586.263441114638
549.7231064593777
485.4348400288497
489.00594625032943
516.9225275175384
547.7381046221603
543.0073406420128
519.1685800694984
458.1555231018598
514.843107814405
504.250438806549
542.3300387638697
520.2000866978414
540.2883524134638
466.39322326653763
575.059920200232
610.8123815632033
598.0367499117283
617.9832392598902
528.4775121880956
534.1218661836992
643.4465057570967
546.3820308979668
628.0706017137151
592.3565896327692
604.0846652336904
568.6962504166979
534.1984940252298
563.4869996405146
666.912022022909
590.6299467473876
617.771069737116
548.5626440074593
546.3556906489049
539.2823472790925
559.8787846604802
625.9053678753573
657.9145667251234
610.488446655425
580.5299003467397
595.3863195120716
676.0688170559945
589.8499398234815
574.1128119709354
709.525398768014
628.171164406091
615.0844493566212
641.2572655138831
609.2236833286022
669.3428198833312
643.9439415705683
645.9815034411687
673.4818647690344
637.9045753443097
626.4132095658458
601.8423366928223
623.2300221805687
620.8629112382289
656.435807340941
687.610896993197
677.9501857917445
652.9106603460698
581.8030906548372
651.4410797790183
661.5954242389922
635.437336838395
662.7105737050593
653.2774670128069
658.2147925396116
592.9590597044291
644.2821772251223
618.3379450798845
671.6199667395119
629.0830737801078
643.6822793826585
637.674495386228
697.3783124986835
655.4110538489584
680.7522302755026
695.55860887504
663.7506542530483
665.4345197995435
745.2202401174616
671.6870577590831
681.1641770986768
684.2255089609621
679.4764907226534
637.3300781578754
643.7570091731247
710.6284374920882
618.5247055065913
668.8547967735166
677.5586923646041
691.2267438321817
714.026408225209
690.239583836613
653.0501426306297
642.119481108363
692.3638572555548
669.9041625669095
743.2082304742057
665.8298540713797
649.1035614845431
667.9659686624326
672.5594023566712
741.1321896374862
665.2250493728682
757.3832624345055
721.8001777966318
714.1357255689979
670.2069395494058
665.5036904020437
668.9158642491137
713.2194565351892
712.0432102047596
737.3505224474615
773.0182734245384
735.2621490778025
710.2436728941432
687.779218574721
708.1154940440626
693.6199597085894
658.5622335119859
706.4238859924259
661.0687326467178
726.1580025586514
681.3476951282378
736.521234144294
710.2592376221701
726.7654512195321
735.2842490357867
659.2277856761601
766.1337491812105
704.4567235024311
745.5960919578595
722.7446372197065
743.0917614682234
746.8213972897652
746.1357870069993
668.8190336586499
733.7973048385486
740.607119684261
726.7222891875155
675.3654028560969
778.6805931214902
741.0740831260038
715.8979434271586
744.5701086520764
740.5596817571393
706.125289756564
747.7532697377319
717.34097393325
761.1085334582973
694.8098743623008
759.9225696647583
752.7402568008729
655.9801514614269
683.9825803822578
735.3960749322343
720.9963036586329
720.2615015814897
691.6870020519845
742.3169867098592
692.5393628006052
732.5498264951896
753.5518120718284
743.6095294114943
752.2380867391603
723.0179801534206
719.0986882303165
718.3010131860575
773.7069201050671
766.9014785207967
733.3566907150932
819.3661704776134
749.012353973486
760.1414361085555
744.189980983449
741.6654316841971
766.9892968596444
783.6797172120777
707.2329740945131
734.4638792750927
813.5868078828748
751.2732670680075
827.0340035360717
761.8875086849282
751.718463088785
780.4804362517441
737.9531850366126
743.2676277616874
747.3070923845924
764.1428514595275
770.6565977194889
682.745082597998
813.9323238064094
776.3343435894702
787.6453998776798
739.9453423629064
813.6636986727033
763.7100146924024
743.1538613627861
720.4332036080879
781.0073641111644
791.398793467958
770.6037659868724
749.9881112023396
765.743162067411
765.0831998476758
778.7184884902005
750.2556441168709
781.5528599608558
794.5406657889231
769.8258753532812
796.8161719576774
793.505233745053
807.8893867754641
775.5232736806021
760.4381109217043
748.050430110651
720.704361223785
804.7319204750445
713.27603177891
767.3016852565568
801.7538861635616
808.9582950559184
815.0125583048069
768.6531577122082
798.268661783297
787.810373590975
813.7393380191357
811.8879494862854
821.591023248068
805.6768696409733
766.4732175188694
751.5056509578632
772.9403406904025
759.7225160683251
766.8834611779007
758.9361057147571
814.4966563073493
811.6159610067461
719.9684166944301
801.466596251687
772.1392867295017
798.3664022742387
726.3601901084396
775.8841436072086
772.0893902574385
784.6954047673387
792.3793312539605
823.8519486970412
809.2582700258725
789.5781060740135
805.0913751735699
766.2325524182054
817.363720431896
831.4829680111947
782.0342905642077
833.394229335787
809.6787227500424
797.9635991086474
798.4074100508044
806.1563969599356
827.9315520619882
828.0304265725275
781.0841644558985
759.444758198937
784.6950042527599
840.0048962608975
784.3531572754107
767.0034252901567
798.8862920168751
777.9757409339795
804.5779393647532
794.0662589215241
826.0841920976866
840.6318798586328
838.3733885686567
804.8184610289293
779.6170873136671
783.7210670712009
819.5536739123758
775.4059440682469
766.6792369549587
816.5974572762017
813.2114335881942
790.0119989733579
785.0953224104217
841.1389015272562
816.9307786504379
824.6445622903523
772.3927742843574
788.6683599554174
855.7238806601906
790.0548645363458
838.1121350172764
805.9614086334471
789.0086480076609
830.0360934059051
785.0123411487108
788.5829453588065
770.3221058345264
784.5334850793898
803.7317599930154
818.5676982317036
851.3993053173288
809.414851852667
772.3725266073127
785.8510339989903
854.9300468099507
830.7450881933052
784.8022399742339
826.6564042519176
799.4590542329238
775.645820951618
809.9456185066736
815.9331715089781
764.6316039978899
833.7303245517694
799.3589176996651
784.5813691281863
812.4765042116657
830.9399726792828
792.7479797826355
810.0273198101213
784.3735881173855
835.9022306724471
766.1898929439524
806.752654675227
863.2729189598873
807.5530612045328
827.7889996587628
774.0329743532664
812.7165621838384
873.8716480043544
832.2495773487244
817.6200589451862
804.1294290423818
799.6600904474819
826.3818275983649
802.8515505268297
765.0868956974335
786.6887113771095
811.7049059802171
800.3689634553609
808.0570810523593
777.0464255055434
772.9789707465063
807.7405263445482
777.2899621452337
762.5307835126112
773.9915115436085
813.6990945522662
768.1018887364413
836.3875892102127
812.8233776942495
796.9083290865661
826.2530867595694
824.3648197434147
805.827106435484
771.6353144694297
791.4829049493563
865.0634752449256
857.462700701824
827.332131479141
793.3974088095326
768.8414908301653
833.5579318001319
789.4937188406211
820.3195980032731
844.8198217487509
818.0802714809563
782.5494155340745
853.2601905581927
861.863336343807
866.1616433384876
792.8089648283288
809.635592527886
792.7920317476611
842.7496548943191
821.3483237276434
804.4958728636768
834.9801419091706
829.3079556996538
788.4316388354304
813.046040880758
846.8945731684817
784.7155892464327
796.9507807786265
826.8538339910999
792.6493531696467
812.9926120093253
808.8814712064135
840.8966643417891
778.6564314142504
847.5691641973624
829.558701220258
831.5966106620848
802.802193259821
806.449843687693
792.8202990697555
793.933737853538
797.0691375881855
757.8208167798902
834.9636356003414
797.9916979498382
854.8240067499277
842.550630143963
798.9613551755131
777.7420252631334
799.0612556881081
813.8227298611886
806.7021019725208
848.4719591862033
827.6696314450259
805.464641903854
846.5445821459707
824.4650054765203
787.6965444141297
827.311916083192
833.6526809003924
823.1883115645176
812.0342612047581
828.5064948398137
777.2115074967571
810.8845333902395
798.444596474714
821.6766922475257
784.5303012965112
832.5292669179219
784.2765175952062
847.1167911388138
812.7161433777599
856.2646272831269
882.4001073102003
868.5814179763407
795.9944575706543
732.5896516797633
795.4198019661512
788.3117098755324
773.3785926568565
771.1276880181852
824.073067508993
787.9474755064327
775.5965753952689
830.7591741718416
836.9297162274448
849.949241516037
786.831267622314
824.8269916175097
790.4953595041835
769.192826894443
869.2856014712506
819.1728681875378
790.539787927092
869.6424599944136
830.3189607794517
845.4216940624152
799.3191722668456
788.8162542757891
826.4165470612404
780.1025319326025
840.5394892555071
773.9378607265601
792.2887585034935
797.0085799386123
788.6502547810549
799.2559366520575
823.7227520421108
835.6633257131846
800.0331034558428
760.5856079139331
810.0327789231953
825.1157389992271
823.6660542947872
828.1147478908239
869.0795173003138
780.9049847224449
809.1744354506433
767.8568764514023
830.0883685335668
818.7817578794181
816.4241093533446
831.9614052840519
815.3757587166668
855.3109827026301
885.7776945312828
794.0990608322444
792.1108807670622
871.8564117276028
812.7705230773824
807.6449015180714
825.3747964334327
816.579847566565
802.0405810401187
850.7097377447595
822.9839775837869
862.0521780067871
796.0336303278126
875.4836332773759
836.0744965764743
851.2165375226557
794.392501673825
823.6676178942605
818.7772212662188
855.0042044467331
848.4592667869135
814.3154837894405
813.8896222198864
828.243328616767
811.1096804312091
848.6167341271839
776.6640973777904
797.6094028532601
818.1941495620979
789.8692521197734
774.4771659710691
839.7520979319994
837.0548304400309
797.5734900713218
806.3865504269244
828.5507369913181
790.5059367648053
781.1244852780575
813.8927458621677
823.6700078518119
816.8265313192649
873.2061292096154
832.4192039869546
804.4706714914495
853.1063267502752
749.1610218397153
856.1072542303789
799.1423284246752
808.3055801556129
824.1052045259896
775.729124541153
803.6211206874674
815.7920973678813
831.958049660326
826.060014006693
827.706921601216
788.9503302975601
822.9307130823642
814.7103233112782
827.040846800903
838.3330593276223
816.720814211428
849.0449797115189
798.4567414735274
817.1876071945464
813.9544886228481
853.3596392020842
844.2211795560631
768.7266215215489
862.3890588126005
815.1950674769425
810.0751471222522
820.6845345447064
802.4274134077197
842.7812456637573
806.0802117878565
783.7451974948427
786.70997547515
762.0455271014858
853.8950217397996
773.5473462105128
775.7308402048776
782.1210643069417
856.169326215417
810.549865961238
805.805109992805
869.1729965546805
854.1325160018339
742.6842433127707
847.1935667778514
834.9143065103514
802.6966185889734
809.9609463455087
832.4714602951075
819.4891255789378
833.5842638903193
821.1290781165044
862.4395682168933
786.5065125804821
831.917411696773
802.6616216062578
806.3891123622705
838.9051547275449
786.6927248371487
804.8982159681772
813.6967112749111
869.9341593805008
775.5938743267544
769.2719079112217
763.3967992810298
789.8801690954675
808.7960985910987
863.4781678449026
809.7695151249878
830.4815342394171
814.169341935609
835.1593503408225
793.910773925167
803.4891354242766
785.5954103667025
787.9942509550358
807.8987868260801
803.8551707636417
813.1566834970483
801.0670845727805
842.8155400409811
868.6819133502473
774.4882373085591
822.9814708468041
848.1564582450253
770.5226660286284
855.4105920321692
833.7374912656278
777.6416103066596
809.6200881465204
826.3345772678073
832.6226437791238
806.3957648849926
822.5514102556124
832.7301632336159
850.4433422996879
835.087484975507
822.1538041398265
788.2387267082547
830.1229865721298
804.5942283148314
813.0037572336164
801.7516931050612
792.1923682192825
817.3118988772815
868.4466444972606
830.4947940327829
852.8616223533727
791.0208449009341
830.034223632419
798.7903941153185
843.5887898006165
818.1846989624167
816.1117688632073
832.3473696966987
811.0846009689893
834.7621723424497
801.2031363708188
792.1313547277284
781.8794313495105
777.5708909068318
831.3020709359058
795.0069879398703
816.6695618019966
784.0616886508262
791.2041668739638
762.0837680145212
751.1812566118749
844.8714329223034
827.8597216443895
768.7517303073244
811.17680116962
825.0616716823877
794.2485795224205
794.2589726685585
775.0541093211698
819.1036306970298
880.5163138205146
812.6347003697754
841.544656617685
766.8704233300851
792.912975798249
824.9500154752774
797.9090100198952
805.9347005767447
787.9897310170105
823.1394773207697
834.0830164238572
852.1657831840537
837.3860985381041
867.6118387741002
849.6745000989688
783.2953539230804
817.7665092085828
809.7175887923198
823.3339084363699
842.1483157857681
858.3457620503432
795.8056198104299
816.3288322505339
849.5711790291045
860.2502318458291
800.0134809366004
793.662199479825
857.7958182823322
787.7393870725415
817.5304965912139
816.6713002627864
803.6981814217913
856.0139804643532
778.3770744582041
847.6015433955629
842.414147995241
791.7852547913637
789.5341109817489
815.3742679480904
777.117376497667
855.1546260995126
811.3699670303557
800.7649637080918
802.3823678063331
771.9303275665576
841.0970058006453
830.678297403679
821.6633426232962
791.0401957514165
788.1581802614018
797.4258682822708
793.7436169251321
835.2912350933851
806.5617573962356
843.8032413182467
846.8874858565244
820.8029749278376
795.8598377245322
828.4704025386922
856.739394542287
829.9565462054197
834.2768081827611
818.0196932396636
832.8126204696388
796.3786110464214
817.7554311954195
777.812716803898
788.8712720672727
784.5478191982495
809.9117714976636
835.7007973955035
812.2545523505281
802.9614574835663
842.7188047803409
823.2807735794086
788.5957230945073
837.666958962458
847.2681455965327
857.8973035284832
827.4025690588363
819.8465105175046
784.4111008277517
829.716319679379
825.867347076381
777.4790548026366
818.0629364146529
774.707592040839
778.2744853070249
822.0515044070238
810.7665593274808
790.7072326445553
807.1111501658464
838.1759288793353
824.8439520673085
819.1737114006125
810.2793569521692
825.1139179999042
784.7483484984784
856.9425723325361
806.9315376194121
822.7883807946595
778.3053481694661
776.9458969525652
773.9689068356271
761.7090895462059
816.9411844654704
821.9908638455703
821.5474073352755
843.6624178968821
813.3265644962801
787.0566489838264
855.6724313868406
788.2588644649286
813.2983871594856
844.4026426497281
794.6524006866705
874.2803727647433
831.0649949598474
771.3056000327535
827.52548761194
773.4172178465328
821.8808787701485
805.4929837309242
782.7254013109282
782.4258948287071
865.2745771762618
795.6706196079551
773.4842813331768
804.5555595147223
839.9717856296915
801.5591113850194
809.3386886950002
825.6717928499011
797.0562146901899
780.4135643254724
801.8266445837664
831.0605211351401
781.1233193105375
803.1650854395804
830.8073435422064
800.2487757656874
761.2571515528867
814.2925218984126
828.1770308275047
776.6262115904868
783.987447197126
841.9583440611332
851.6261517020928
837.2280669744536
737.7077648797356
827.2113102517494
809.4543836306248
882.9196284652392
815.9179318283925
761.2959277588092
796.0637109340505
804.7117171199624
817.2286808074547
826.1411461534651
834.2281527056363
791.4638446112486
827.914150991839
800.5887053136298
785.3104888823739
842.9481276624258
815.5353789207712
827.0072735433974
827.9272214861742
823.2038503051496
788.9577478032257
794.4956920777643
837.8816804167797
826.4944061646862
809.4658785131046
858.8221428988696
801.5726665506573
809.9316814899037
792.2419651710094
848.230011401947
834.2709902338731
805.6581982068437
828.483386892708
841.4398735896579
859.3539203184328
824.3002893481568
811.6775245611552
798.702858442954
780.0559496560822
850.0079602046559
826.2514615905377
798.5116194728013
793.2199629702731
785.4308088885467
807.284313041794
801.1826701546596
774.7846978387678
871.067631410737
797.4202780644432
870.6907639806934
830.3596759729162
828.1442489095036
808.7506678121367
807.3910209106264
838.7550495766985
832.4217115329114
829.691136387292
801.3026915586021
814.279901973933
856.8417634211762
868.849093117773
839.976749086604
788.2842724231816
800.0549242156001
786.6628064495234
828.5713329610783
814.4373284074181
809.004458303871
802.2981878441216
795.495973292479
856.1378622522589
881.4591194130064
796.3069179266129
818.9935846789326
838.15016363362
808.0974965173616
852.1720057867111
804.7706598042082
821.9611416079824
793.8777432599856
841.643927533767
784.414504608061
855.7402046944428
791.3208649145156
808.0158444628735
819.8171011872049
865.5152080556157
822.6585127999849
802.619527434438
811.624524676055
833.4634694882568
818.969698598653
827.3426152490674
864.8325507236144
782.0119798018128
779.6843561792191
803.284338655542
802.4054477813049
804.6339771933324
799.574070335489
757.3106067095989
806.7009430288591
826.4099324466482
843.3656721080588
801.6716165536403
811.9170480921854
813.7344474416498
804.2159823680257
791.9776206823898
795.1098254056884
813.6928388090238
833.8213338258593
821.3872337574581
847.8103217955841
815.7710992858423
809.2002557527171
782.7971230480642
804.3946357511231
793.8493164901911
781.1704100058744
797.9872357165539
834.525656961695
830.0620260686803
836.8154769503924
769.7897416338823
872.7012154992659
852.4147015351871
830.8231665625519
860.5222403468767
805.3772454488675
873.0911824759072
814.4384827576534
821.256552902922
834.8275363265526
866.3979926182617
804.2350300958344